P| 共 14281 条

########## 窗口 23:08:57 .. 23:09:27 ##########
  样本 66 条
  t           Rx      Ry      Rz   |  Δ(deg)  轴(器件系)                | 轴(世界系)
  23:08:57.017   -25.28   24.71  -24.24
  23:08:57.728   -42.00   24.02  -26.26  |   16.01  (-0.99,+0.03,-0.12)   (-0.88,+0.37,+0.31)
  23:08:58.083   -39.11   21.82  -27.87  |    4.41  (+0.80,-0.16,-0.58)   (+0.31,-0.72,-0.62)
  23:08:58.395   -37.16   31.03  -21.81  |   10.71  (-0.07,+0.36,+0.93)   (+0.51,+0.71,+0.48)
  23:08:58.699   -37.99   35.12  -19.45  |    5.01  (-0.42,+0.41,+0.81)   (+0.16,+0.81,+0.56)
  23:08:59.050   -40.48   28.81  -21.75  |    6.73  (-0.19,-0.54,-0.82)   (-0.62,-0.77,-0.15)
  23:08:59.759   -61.91   18.13  -14.93  |   27.10  (-0.89,-0.43,-0.16)   (-0.81,-0.14,+0.56)
  23:09:00.112   -58.75   16.72  -15.09  |    3.51  (+0.91,-0.16,-0.37)   (+0.73,-0.61,-0.32)
  23:09:00.434   -59.60   19.52  -17.84  |    3.83  (+0.00,+0.96,+0.28)   (+0.00,+0.76,-0.65)
  23:09:00.785   -62.26   18.65  -24.94  |    6.77  (-0.05,+0.80,-0.59)   (-0.39,+0.02,-0.92)
  23:09:01.090   -62.69   19.44  -30.69  |    5.68  (+0.25,+0.91,-0.32)   (+0.00,+0.16,-0.99)
  23:09:01.454   -64.72   20.14  -36.41  |    5.43  (-0.02,+0.95,-0.32)   (-0.22,+0.30,-0.93)
  23:09:02.158   -67.23   19.25  -41.00  |    4.52  (-0.21,+0.79,-0.57)   (-0.53,+0.17,-0.83)
  23:09:02.447   -65.19   19.24  -39.58  |    2.07  (+0.76,-0.60,+0.26)   (+0.71,-0.61,+0.36)
  23:09:02.796   -61.59   20.16  -34.05  |    5.56  (+0.31,-0.76,+0.57)   (+0.59,-0.23,+0.78)
  23:09:03.104   -60.49   19.99  -28.69  |    5.09  (-0.15,-0.88,+0.45)   (+0.16,-0.13,+0.98)
  23:09:03.468   -57.38   21.76  -21.76  |    6.74  (+0.09,-0.69,+0.72)   (+0.50,+0.05,+0.86)
  23:09:04.173   -52.47   22.24  -13.81  |    7.63  (+0.25,-0.75,+0.61)   (+0.59,-0.12,+0.80)
  23:09:04.496   -53.31   24.22  -13.93  |    2.14  (-0.37,+0.60,+0.71)   (-0.13,+0.99,+0.10)
  23:09:04.802   -55.94   23.76  -18.65  |    4.39  (-0.16,+0.74,-0.65)   (-0.55,+0.05,-0.83)
  23:09:06.186   -53.37   24.74  -17.94  |    2.56  (+0.89,+0.02,+0.46)   (+0.99,+0.08,-0.13)
  23:09:06.498   -56.03   24.78  -17.65  |    2.79  (-1.00,-0.07,+0.07)   (-0.82,+0.28,+0.50)
  23:09:06.850   -56.38   24.91  -17.32  |    0.59  (-0.83,-0.30,+0.47)   (-0.45,+0.37,+0.81)
  23:09:07.155   -52.83   25.89  -15.68  |    3.36  (+0.85,-0.19,+0.49)   (+1.00,+0.01,+0.03)
  23:09:07.513   -51.94   26.19  -17.07  |    1.97  (+0.76,+0.59,-0.27)   (+0.43,+0.03,-0.90)
  23:09:07.864   -50.45   26.80  -16.75  |    1.51  (+0.89,+0.11,+0.43)   (+0.96,+0.13,-0.23)
  23:09:08.166   -49.37   27.14  -15.73  |    1.15  (+0.54,-0.41,+0.74)   (+0.89,+0.05,+0.46)
  23:09:08.531   -51.65   25.81  -17.34  |    2.51  (-0.62,+0.11,-0.77)   (-0.93,-0.28,-0.24)
  23:09:08.833   -52.16   25.38  -17.55  |    0.63  (-0.67,-0.18,-0.72)   (-0.90,-0.43,+0.02)
  23:09:09.187   -54.79   25.17  -18.50  |    2.39  (-0.93,+0.24,-0.28)   (-0.97,+0.22,+0.07)
  23:09:09.874   -45.68   38.45   -3.63  |   18.32  (+0.06,-0.07,+1.00)   (+0.56,+0.63,+0.54)
  23:09:10.226   -51.36   32.29  -11.42  |    8.92  (-0.13,+0.08,-0.99)   (-0.61,-0.62,-0.50)
  23:09:10.890   -64.71   14.03  -30.20  |   25.70  (-0.22,+0.20,-0.95)   (-0.70,-0.49,-0.52)
  23:09:11.555   -63.37   15.94  -29.77  |    2.31  (+0.53,+0.20,+0.82)   (+0.90,+0.44,+0.04)
  23:09:11.897   -52.98   32.20  -16.32  |   20.89  (+0.23,-0.09,+0.97)   (+0.72,+0.54,+0.43)
  23:09:12.202   -48.39   35.10  -11.28  |    5.41  (+0.33,-0.26,+0.91)   (+0.81,+0.35,+0.46)
  23:09:12.917   -64.03   15.71  -29.73  |   26.55  (-0.28,+0.12,-0.95)   (-0.76,-0.49,-0.43)
  23:09:13.267   -64.26   15.21  -30.37  |    0.80  (-0.07,+0.42,-0.90)   (-0.56,-0.40,-0.73)
  23:09:13.562   -63.43   16.38  -30.01  |    1.42  (+0.51,+0.14,+0.85)   (+0.90,+0.43,+0.09)
  23:09:13.887   -60.85   23.79  -25.31  |    8.68  (+0.11,-0.05,+0.99)   (+0.64,+0.63,+0.44)
  23:09:14.242   -53.59   31.75  -17.35  |   11.19  (+0.32,-0.15,+0.94)   (+0.79,+0.45,+0.41)
  23:09:14.581   -53.20   31.90  -17.25  |    0.38  (+0.89,+0.06,+0.45)   (+0.95,+0.12,-0.28)
  23:09:14.960   -59.28   22.17  -25.76  |   12.52  (-0.17,+0.07,-0.98)   (-0.69,-0.56,-0.46)
  23:09:15.263   -63.92   16.78  -30.08  |    7.47  (-0.43,+0.14,-0.89)   (-0.86,-0.36,-0.37)
  23:09:15.597   -64.02   16.65  -30.31  |    0.26  (-0.13,+0.55,-0.83)   (-0.57,-0.25,-0.78)
  23:09:15.932   -66.30    9.53  -34.43  |    8.28  (-0.16,+0.08,-0.98)   (-0.69,-0.58,-0.43)
  23:09:17.348   -69.27    2.82  -38.45  |    8.21  (-0.31,+0.14,-0.94)   (-0.77,-0.44,-0.45)
  23:09:17.639   -65.94   13.27  -33.45  |   11.85  (+0.22,-0.05,+0.97)   (+0.74,+0.55,+0.38)
  23:09:17.966   -63.08   18.97  -29.89  |    6.90  (+0.27,-0.09,+0.96)   (+0.77,+0.49,+0.40)
  23:09:19.676   -66.97   12.33  -35.27  |    8.76  (-0.28,+0.22,-0.94)   (-0.77,-0.41,-0.49)
  23:09:20.003   -67.45   10.78  -35.96  |    1.73  (-0.20,+0.01,-0.98)   (-0.74,-0.57,-0.34)
  23:09:20.353   -65.73   15.04  -33.73  |    4.94  (+0.25,-0.06,+0.97)   (+0.77,+0.51,+0.37)
  23:09:20.691   -62.23   23.01  -28.56  |    9.52  (+0.19,-0.09,+0.98)   (+0.73,+0.54,+0.42)
  23:09:21.021   -55.79   33.53  -19.08  |   13.55  (+0.14,-0.13,+0.98)   (+0.70,+0.54,+0.47)
  23:09:21.375   -45.22   41.19   -6.90  |   12.72  (+0.25,-0.21,+0.95)   (+0.78,+0.44,+0.45)
  23:09:21.713   -52.38   34.58  -16.31  |   10.02  (-0.14,+0.12,-0.98)   (-0.69,-0.53,-0.50)
  23:09:21.997   -60.71   24.92  -26.73  |   13.58  (-0.23,+0.17,-0.96)   (-0.76,-0.47,-0.46)
  23:09:22.352   -68.32   14.54  -35.32  |   13.96  (-0.33,+0.20,-0.92)   (-0.82,-0.37,-0.43)
  23:09:23.029   -67.01   17.84  -33.39  |    3.86  (+0.20,-0.12,+0.97)   (+0.75,+0.52,+0.40)
  23:09:23.382   -61.06   27.90  -25.60  |   12.69  (+0.23,-0.16,+0.96)   (+0.77,+0.48,+0.43)
  23:09:23.685   -60.18   28.83  -24.74  |    1.29  (+0.37,-0.16,+0.92)   (+0.85,+0.40,+0.34)
  23:09:25.088   -23.97   22.42    5.10  |   35.79  (+0.63,-0.64,+0.44)   (+0.87,-0.33,+0.37)
  23:09:25.391   -24.82    0.49    4.10  |   21.96  (-0.03,-0.89,-0.45)   (+0.04,-1.00,-0.04)
  23:09:26.108   -19.93   14.30   33.96  |   32.61  (+0.03,+0.04,+1.00)   (+0.00,+0.45,+0.89)
  23:09:26.410   -24.92   12.54   29.91  |    5.92  (-0.68,-0.02,-0.73)   (-0.54,-0.69,-0.49)
  23:09:26.761   -33.15    4.48   15.85  |   17.19  (-0.35,-0.01,-0.93)   (-0.26,-0.62,-0.74)

########## 窗口 23:11:13 .. 23:12:01 ##########
  样本 100 条
  t           Rx      Ry      Rz   |  Δ(deg)  轴(器件系)                | 轴(世界系)
  23:11:13.413   -22.49   34.41    3.55
  23:11:13.839   -19.96   34.20    4.76  |    2.11  (+0.88,-0.26,+0.41)   (+0.99,-0.03,-0.10)
  23:11:14.319   -22.39   35.03    3.00  |    2.20  (-0.65,+0.59,-0.48)   (-0.93,+0.32,-0.17)
  23:11:14.695   -22.84   35.43    2.71  |    0.54  (-0.52,+0.85,-0.12)   (-0.71,+0.70,-0.06)
  23:11:14.996   -23.03   35.83    2.78  |    0.47  (-0.50,+0.74,+0.45)   (-0.37,+0.84,+0.39)
  23:11:16.363   -32.78   35.60   -8.04  |    9.43  (-0.36,+0.41,-0.83)   (-0.84,+0.01,-0.54)
  23:11:16.669   -30.86   35.85   -6.50  |    1.63  (+0.62,-0.27,+0.73)   (+0.97,+0.03,+0.26)
  23:11:17.017   -30.79   35.78   -6.69  |    0.25  (+0.73,+0.08,-0.68)   (+0.20,-0.31,-0.93)
  23:11:17.332   -31.29   35.83   -7.19  |    0.46  (-0.45,+0.55,-0.70)   (-0.87,+0.22,-0.45)
  23:11:17.733   -31.35   36.26   -7.49  |    0.51  (+0.23,+0.97,+0.03)   (+0.01,+0.85,-0.52)
  23:11:18.036   -31.06   36.66   -7.32  |    0.46  (+0.41,+0.59,+0.70)   (+0.61,+0.79,-0.01)
  23:11:18.392   -29.89   36.89   -6.38  |    0.99  (+0.61,-0.18,+0.77)   (+0.96,+0.12,+0.24)
  23:11:18.696   -27.67   36.98   -3.51  |    2.35  (+0.21,-0.44,+0.87)   (+0.76,-0.03,+0.65)
  23:11:19.048   -27.47   36.34   -2.84  |    0.86  (-0.23,-0.95,+0.21)   (+0.15,-0.75,+0.64)
  23:11:19.360   -26.77   35.71   -2.09  |    0.91  (+0.28,-0.92,+0.28)   (+0.59,-0.72,+0.37)
  23:11:20.062   -30.54   35.29   -6.28  |    3.69  (-0.36,+0.34,-0.87)   (-0.84,-0.05,-0.54)
  23:11:20.377   -30.84   35.20   -6.49  |    0.26  (-0.68,+0.04,-0.73)   (-0.96,-0.24,-0.14)
  23:11:22.418   -31.60   34.01   -5.22  |    2.17  (-0.68,-0.72,+0.13)   (-0.34,-0.52,+0.78)
  23:11:22.721   -31.37   32.70   -5.44  |    1.37  (+0.26,-0.75,-0.61)   (+0.05,-0.97,-0.25)
  23:11:23.433   -31.14   31.92   -6.30  |    1.27  (+0.54,-0.23,-0.81)   (+0.09,-0.63,-0.77)
  23:11:23.786   -33.13   29.91   -7.56  |    2.65  (-0.51,-0.43,-0.75)   (-0.73,-0.68,-0.09)
  23:11:24.088   -32.65   29.47   -8.02  |    0.92  (+0.77,-0.16,-0.62)   (+0.38,-0.53,-0.75)
  23:11:24.445   -33.02   30.77   -8.29  |    1.34  (-0.17,+0.91,+0.38)   (-0.10,+0.99,-0.06)
  23:11:24.748   -33.15   30.18   -9.11  |    0.96  (+0.30,-0.11,-0.95)   (-0.21,-0.59,-0.78)
  23:11:25.149   -32.37   29.75   -9.08  |    0.88  (+0.87,-0.43,-0.24)   (+0.68,-0.61,-0.41)
  23:11:25.477   -32.30   32.57   -7.91  |    3.04  (-0.18,+0.61,+0.77)   (+0.16,+0.91,+0.37)
  23:11:25.780   -30.93   35.80   -6.95  |    3.43  (+0.24,+0.68,+0.69)   (+0.45,+0.89,+0.06)
  23:11:26.134   -35.86   33.03  -14.22  |    6.65  (-0.12,+0.15,-0.98)   (-0.68,-0.30,-0.67)
  23:11:27.143   -36.33   31.98  -14.89  |    1.20  (-0.09,-0.43,-0.90)   (-0.54,-0.77,-0.35)
  23:11:27.470   -31.05   35.97   -6.47  |    8.06  (+0.07,-0.07,+1.00)   (+0.63,+0.39,+0.68)
  23:11:27.822   -27.32   37.51   -0.02  |    5.39  (-0.02,-0.22,+0.98)   (+0.57,+0.25,+0.78)
  23:11:28.124   -26.61   37.19    1.41  |    1.19  (-0.13,-0.67,+0.73)   (+0.48,-0.26,+0.84)
  23:11:28.490   -24.36   38.18    5.10  |    3.08  (-0.00,-0.12,+0.99)   (+0.56,+0.35,+0.75)
  23:11:28.841   -20.47   39.59   10.56  |    4.50  (+0.10,-0.07,+0.99)   (+0.62,+0.40,+0.67)
  23:11:29.145   -17.83   40.16   14.55  |    3.12  (+0.03,-0.15,+0.99)   (+0.60,+0.32,+0.74)
  23:11:29.502   -15.00   40.64   18.58  |    3.11  (+0.07,-0.13,+0.99)   (+0.62,+0.35,+0.71)
  23:11:29.803    -8.89   41.04   27.45  |    6.73  (+0.04,-0.15,+0.99)   (+0.61,+0.32,+0.72)
  23:11:30.153   -10.04   41.25   26.99  |    0.94  (-0.90,+0.28,-0.33)   (-0.92,-0.22,+0.32)
  23:11:30.464   -41.24   34.85  -12.22  |   31.89  (-0.20,+0.24,-0.95)   (-0.74,-0.29,-0.61)
  23:11:30.827   -46.03   34.94  -18.57  |    5.33  (-0.22,+0.69,-0.69)   (-0.71,+0.21,-0.68)
  23:11:31.170   -40.72   38.63  -11.86  |    6.64  (+0.19,-0.15,+0.97)   (+0.76,+0.37,+0.53)
  23:11:31.480   -35.23   39.74   -6.00  |    5.00  (+0.36,-0.38,+0.85)   (+0.87,+0.09,+0.48)
  23:11:33.198   -22.70   42.77   12.39  |   14.13  (+0.02,-0.29,+0.96)   (+0.65,+0.25,+0.71)
  23:11:33.506   -21.33   42.89   14.51  |    1.56  (-0.05,-0.30,+0.95)   (+0.61,+0.22,+0.76)
  23:11:34.216   -21.26   42.91   14.74  |    0.19  (-0.45,-0.22,+0.86)   (+0.23,+0.17,+0.96)
  23:11:34.525   -20.91   43.05   15.04  |    0.30  (+0.49,+0.17,+0.86)   (+0.71,+0.67,+0.21)
  23:11:34.879   -20.91   43.07   15.05  |    0.02  (-0.31,+0.72,+0.62)   (-0.23,+0.86,+0.45)
  23:11:35.183   -19.77   42.46   15.39  |    1.12  (+0.81,-0.59,+0.02)   (+0.86,-0.33,-0.39)
  23:11:35.570    -9.26   40.81   20.92  |    8.15  (+0.84,-0.32,+0.44)   (+0.98,+0.11,-0.18)
  23:11:35.895   -12.36   34.47   18.80  |    6.80  (-0.26,-0.87,-0.42)   (-0.02,-1.00,-0.03)
  23:11:36.247    -2.15   25.61   30.08  |   13.92  (+0.32,-0.72,+0.62)   (+0.84,-0.31,+0.44)
  23:11:36.550   -23.98   12.03   29.69  |   25.56  (-0.85,-0.52,-0.14)   (-0.44,-0.86,+0.26)
  23:11:36.905   -16.32   17.73   45.86  |   16.98  (+0.20,-0.00,+0.98)   (+0.14,+0.53,+0.83)
  23:11:38.241   -16.58   18.00   46.06  |    0.46  (-0.70,+0.44,+0.56)   (-0.79,+0.02,+0.61)
  23:11:38.599   -16.58   18.00   46.06  |    0.00  (+0.00,+0.00,+0.00)   (+0.00,+0.00,+0.00)
  23:11:38.902   -16.58   18.00   46.06  |    0.00  (+0.00,+0.00,+0.00)   (+0.00,+0.00,+0.00)
  23:11:39.643   -16.63   18.06   46.04  |    0.08  (-0.57,+0.82,-0.01)   (-0.99,+0.10,-0.06)
  23:11:39.924   -16.58   18.00   46.06  |    0.08  (+0.57,-0.82,+0.01)   (+0.99,-0.10,+0.06)
  23:11:40.277   -16.58   18.00   46.06  |    0.00  (+0.00,+0.00,+0.00)   (+0.00,+0.00,+0.00)
  23:11:40.580   -16.63   18.06   46.04  |    0.08  (-0.57,+0.82,-0.01)   (-0.99,+0.10,-0.06)
  23:11:40.943   -16.58   18.00   46.06  |    0.08  (+0.57,-0.82,+0.01)   (+0.99,-0.10,+0.06)
  23:11:41.245   -16.58   18.00   46.06  |    0.00  (+0.00,+0.00,+0.00)   (+0.00,+0.00,+0.00)
  23:11:41.677   -16.58   18.00   46.06  |    0.00  (+0.00,+0.00,+0.00)   (+0.00,+0.00,+0.00)
  23:11:41.950   -16.63   18.06   46.04  |    0.08  (-0.57,+0.82,-0.01)   (-0.99,+0.10,-0.06)
  23:11:42.303   -16.58   18.00   46.06  |    0.08  (+0.57,-0.82,+0.01)   (+0.99,-0.10,+0.06)
  23:11:43.966   -48.12   17.11   23.49  |   32.62  (-0.75,+0.33,-0.58)   (-0.74,-0.55,-0.38)
  23:11:44.320   -50.60   16.62   22.57  |    2.43  (-0.91,+0.14,-0.39)   (-0.82,-0.57,-0.08)
  23:11:44.988   -53.60   17.51   21.04  |    3.07  (-0.83,+0.55,-0.06)   (-0.97,-0.08,-0.21)
  23:11:45.338   -55.80   17.79   20.06  |    2.14  (-0.89,+0.43,-0.15)   (-0.96,-0.22,-0.15)
  23:11:45.651   -57.71   18.01   19.18  |    1.85  (-0.88,+0.44,-0.15)   (-0.96,-0.22,-0.16)
  23:11:46.003   -58.15   18.20   18.94  |    0.47  (-0.78,+0.62,+0.08)   (-0.97,+0.09,-0.22)
  23:11:46.306   -56.40   18.48   19.57  |    1.69  (+0.92,-0.21,+0.33)   (+0.88,+0.48,+0.05)
  23:11:47.019   -45.98   18.21   23.13  |    9.90  (+0.94,-0.28,+0.19)   (+0.94,+0.34,+0.03)
  23:11:47.325   -42.06   18.25   24.03  |    3.74  (+0.97,-0.15,+0.17)   (+0.91,+0.41,-0.09)
  23:11:47.661   -37.68   17.17   23.29  |    4.78  (+0.96,-0.08,-0.26)   (+0.89,+0.14,-0.43)
  23:11:49.016   -47.92   19.42   21.28  |   10.05  (-0.96,+0.29,+0.01)   (-0.98,-0.16,+0.12)
  23:11:49.370   -51.76   20.71   20.14  |    3.83  (-0.90,+0.43,+0.08)   (-1.00,-0.02,+0.05)
  23:11:49.706   -52.62   21.17   20.21  |    1.00  (-0.89,+0.23,+0.40)   (-0.91,+0.15,+0.38)
  23:11:51.052   -39.77   21.26   17.42  |   14.10  (+0.98,+0.14,-0.12)   (+0.80,+0.28,-0.53)
  23:11:51.356   -42.70   22.09   13.82  |    3.80  (-0.42,+0.74,-0.52)   (-0.75,+0.02,-0.66)
  23:11:51.707   -46.57   24.66    3.74  |    9.60  (+0.01,+0.87,-0.50)   (-0.41,+0.21,-0.89)
  23:11:52.023   -49.52   25.92   -0.01  |    3.86  (-0.35,+0.87,-0.34)   (-0.70,+0.30,-0.64)
  23:11:52.423   -48.53   23.49    7.86  |    7.89  (-0.29,-0.89,+0.36)   (+0.13,-0.30,+0.94)
  23:11:52.758   -49.95   22.72   17.23  |   10.04  (-0.51,-0.70,+0.50)   (-0.11,-0.10,+0.99)
  23:11:53.044   -53.40   19.93   28.40  |   13.13  (-0.57,-0.75,+0.33)   (-0.14,-0.29,+0.95)
  23:11:53.698   -61.45   20.38   41.33  |   17.43  (-0.72,-0.57,+0.40)   (-0.37,-0.23,+0.90)
  23:11:54.767   -56.06   23.52   11.19  |   32.68  (+0.51,+0.78,-0.36)   (+0.10,+0.16,-0.98)
  23:11:55.077   -63.41   23.19    7.51  |    6.80  (-0.87,+0.40,-0.29)   (-0.97,-0.21,-0.11)
  23:11:55.787   -63.05   23.18    9.48  |    1.86  (-0.22,-0.87,+0.43)   (+0.18,+0.02,+0.98)
  23:11:56.428   -62.79   23.64   10.26  |    0.85  (-0.06,-0.50,+0.86)   (+0.18,+0.58,+0.79)
  23:11:56.781   -59.09   23.86   14.13  |    4.14  (+0.52,-0.72,+0.46)   (+0.79,+0.22,+0.57)
  23:11:57.097   -53.53   22.39   17.34  |    5.42  (+0.79,-0.60,+0.08)   (+0.98,-0.01,+0.19)
  23:11:57.814   -43.12   21.50   23.65  |    9.99  (+0.81,-0.50,+0.32)   (+0.94,+0.26,+0.24)
  23:11:58.119   -41.15   20.93   24.44  |    1.92  (+0.88,-0.48,+0.09)   (+0.99,+0.12,+0.04)
  23:11:58.470   -36.10   18.77   26.58  |    5.23  (+0.83,-0.56,+0.04)   (+1.00,+0.02,+0.08)
  23:11:58.775   -15.67    7.59   33.75  |   22.91  (+0.82,-0.57,+0.06)   (+0.99,+0.02,+0.11)
  23:11:59.133   -19.02    4.59   33.51  |    4.48  (-0.74,-0.62,-0.25)   (-0.25,-0.97,+0.03)
  23:11:59.790   -24.49    1.52    3.44  |   30.42  (-0.12,+0.27,-0.95)   (-0.14,-0.15,-0.98)
  23:12:00.134   -24.43    1.99    5.10  |    1.72  (+0.01,-0.15,+0.99)   (+0.01,+0.27,+0.96)
  23:12:00.485   -23.80    0.44    1.50  |    3.98  (+0.18,+0.01,-0.98)   (+0.18,-0.38,-0.91)

